*******************************
          GENERAL LOG          
*******************************

* Chinese version:      ?
* English base version: TeamX 1.3.3 + NPC MOD 3.4 (Couldn't find v3.3)
* English Fixt version: v0.81 (11/03/2016)

* Similarity ratio threshold: 0.90

* Comments: Coudn't find the exact version used for Chinese (seem to be a mix of 1.1, TeamX and the NPC mod) (?)

* 32878 of 36355 (90%) Chinese lines were used.
* 4685 of 37563 (12%) lines remain in English.


*******************************
 MISSING FILES AND INDICES LOG 
*******************************


Present in CHINESE but not in ENGLISH_BASE

billy        |  116
broinvad     |  109
carvlead     |  501 502 504 505
combat       |  250 251 252 253 254 255 256 257 258 259 260 261 262 263 264 265 266 267 268 269 270 271 272 556 559 561 562 563 564 565 570 571 572 573 574 575 576 577 578 583 584 1580 1581 1582 1583 1584 1585 1586 1587 1588
dan          |  181 210
decker       |  1100 1101 1102 1103 1104 1105 1106 1107 1108 1109 1110 1111 1112 1113 1114 1115 1116 1117 1118 1119 1120 1121 1122 1123 1124 1125 1126 1127 1128 1130 1131 1132 1133 1134 1135 1136 1138
depfry       |  111
ian          |  2013
michael      |  500 501
mstmerch     |  200 201
tandi        |  1012 1112


Present in ENGLISH_FIXT but not in ENGLISH_BASE

artifact     |  105 106 107
bosdoctr     |  100 179 180 181 182 183 184 185 186
cow          |  100 101 102 103 104 105
darl         |  100 101 102 103 104 105 106 107 108 109 110 111 112 113 114 115 116 118 119 120 121 122 123 125 126 127 128 129 130 131 132 133 134 135 136 137 139 140 141 143 144 145 146 147 148 149 151 152 153 154 155 156 157 158 159 160 161 162 163 164 165 166 167 168 170 171 173 174 175 176 177 179 180 181 182 183 184 185 186 187 189 190 191 192 193 194 195 196 197 198 199 201 202 203 204 205 206 207 208 209 210 211 212
democomp     |  100 101 102 103 104 105 106 107 108 109 110 111 112 113 114 115 116 117 118 119
demodog      |  100 101 102 103 104 105 106 107
dog2         |  100 101 102
dogmeat      |  100 101 102 103
elder        |  100 101 102 103 104 105 106 107 108 109 110 111 112 113 114
genlock      |  100 101 102 103 104 105
ghoul        |  100 101 102 103 104 105 106 107 108 109 110 111 112 113 114 115 116 117
hhooker      |  100 101 102 103 104 105 106 107 108 109 110 111 112 113 114 115 116 117 118 119 120 121 122 123 124 125 126 127 128 129 130 131 132 133 134 135 136 137 138 139 140 141 142 143 144 145 146 147 148 149 150 151 152 153 154 155 156 157 158 159 160 161 162 163 164 165 166 167 168 169 170 171 172 173 174 175 176 177 178
hunter       |  1000 1001 1002 1003 1004 1005 1006 1007 1008 1009 1010 1011 1012 1100 1101 1102 1103 1104 1105 1106 1107 1108 1109 1110 1111 1112
jer          |  100 101 102 103 104 105 106 107 108 109 110 111 112 113 114 115 116 117 118 119 120 121 122 123 124 125 126 127 128 129 130 131 132 133 134 135 136 137 138 139 140 141 142 143 144 145 146 147 148 149 150 151 152 153 154 155 156 157 158 159 160 161 162 163 164 165 166 167 168 169 170 171 172 173 174 175 176 177 178 179 180 181 182 183 184 185 186 187 188 189
junkdog      |  100 101 102 103 104 105 106
lorrian      |  100 101 102 103 104 105 106 107 108 109 110 111 112 113 114 115 116 117 118 119 120 121 122 123 124 125 126 127 128 129 130 131 132 133 134 135 136 137 138 139 140 141 142 143 144 145 146 147 148 149 150 151 152 153 154 155 156 157 158 159 160 161 162 163 164 165 166 167 168 169 170 171 172 173 174 175 176 177 178 179 180 181 182 183 184 185 186
obj_dude     |  500
pipboy       |  7000 7001 7002 7003 7004 7005 7006 7007 7008 7009 7010 7011 7012 7013 7014 7015 7016 7017 7018 7019 7020 7021 7022 7023 7024 7025 7026 7027 7028 7029 7030 7031 7032 7033
pro_crit     |  101 501 601 901 1001 1301 2301 2401 2601 2801 3201 3301 3501 3901 4001 4201 4301 4501 4801 5201 5301 5401 5501 5601 5801 5901 6001 6101 6201 6601 6701 6801 7101 7201 7401 7801 8201 8301 8401 8501 8601 8701 8801 8901 9001 9101 9201 9301 9501 9601 9801 9901 10001 10201 10301 10701 10801 11001 15901 16001 16101 16201 16301 16401 16601 16701 16801 16901 17001 17101 17201 17301 17401 17501 17601 17701 17801 17901 18001 18101 18501 18601 18701 19001 19101 19301 19401 19501 19601 19701 19801 19901 20101 20201 20301 20401 20501
raidgrd      |  100 101 102 103 104 105 106 107 108 109 110 111 112 113 114 115 116 117 118 119 120 121 122 123 124 125 126 127 128 129 130 131 132 133 134 135 136 137
rnddesrt     |  25500
sammy        |  100 101 102 103 104 105 106 107 108 109 110 111 112 113 114
sammy2       |  100 101
script       |  20 21 22
zax          |  300


Present in ENGLISH_BASE but not in ENGLISH_FIXT

abel         |  971 972 973 974 975 976 977 978 979 982 983 984 985 986 987 988 989 990 991 992 993 994 995 996 997 998 999
alldogs      |  105 116 117 118 119 120 121 122 123 300 301 302 303 304
alya         |  200
aradesh      |  261 278 1016 1017 1018 1019 1020 1021 1116 1117 1118 1119 1120 1121
artifact     |  125 127
assblow      |  *MISSING FILE*
baka         |  *MISSING FILE*
barstow      |  *MISSING FILE*
barter       |  111 112 113
bartergu     |  *MISSING FILE*
bartergy     |  *MISSING FILE*
beca         |  118 119 120 121
bitsbob      |  242 243 244 245 246 247 250 251 252 253 254 255 256 257 258 259 260
blade        |  *MISSING FILE*
bobstand     |  *MISSING FILE*
bosasist     |  *MISSING FILE*
boslori      |  *MISSING FILE*
boslorri     |  101 123 124 125 134 138 140 142 144 145 150 151 152 155 157 158 180 181 182 185 222 233 237 239 241 243 245 301 302 303 304 305 306 307 308 309 310 311 312 313 314 315 316 317 318 319 500 502 503 504
brahmin      |  104 105 106 107 108 109 110 111 113
butch        |  332 333 334 335 336 337 338 339 340 341 342 343 344 345 346 347 348 349 1066 1067 1166 1167
bvbroken     |  *MISSING FILE*
bvlad        |  *MISSING FILE*
bvstore      |  101
cabbot       |  234 983 984 985 986 987 988 989 990 991 992 993 994 995 996 997 998 999 1022 1023 1024 1025 1026 1027 1028 1029 1030 1031 1032 1033 1034 1035 1036 1037 1038 1039 1040 1041 1042 1043 1044 1045 1046 1047 1048 1049 1050 1051 1052 1053 1054 1055 1056 1057 1058 1059 1060 1061 1062 1063 1064 1065 1066 1067 1068 1069 1070 1071 1072 1073 1074 1075 1076 1077 1078 1079 1080 1081 1082 1083 1084 1085 1086 1087 1088 1089 1090 1091 1092 1093 1094 1095 1096 1097 1098 1099
carcust      |  113 114 115 116 117 118 119 1100 1103 1105 1107 1109 1110 1111 1112
carvlead     |  506 507 508 509 510 511 512 513 520 521 522 600 601 602 603 604 605
cheater      |  *MISSING FILE*
chidinit     |  117 118 119 120 121 122 123
child        |  1026 1027 1126 1127
childmem     |  1011 1012 1111 1112
codedisk     |  105
coke         |  102
combat       |  1010 1011 1012 1013 1014 1015 1016 1017 1018
combatai     |  6437 6438 6439 6440 6441 6442 6443 6444 6445 6446 8762 8763 8764 8765 8766 8767 8768 8769 8770 8771 8772 8773 8774 8775 8776 8777 8778 8779 8780 8781 8782 8783 8784 8785 8786 8787 8788 8789 8790 8791 8792 8793 8794 8795 8796 8797
crvnteam     |  *MISSING FILE*
deadcomp     |  101 102 103 104 105 106 107 108 109 110 111 112 113 114 115 116 117 118 119 120 121 122 123 124 125 126 127 128 129 130 131 132 133 134 135 136 137 138 139 140 141 142 143 144 145 146 147 148 149 150 151 152 153 154 155 156 157 158 159 400 401 500 501 502 503
demodoor     |  106 107 108
demolex      |  *MISSING FILE*
diana        |  200
dirtnap      |  103
diska        |  103 104
diskd        |  103 104 105 106 107 108
doorcode     |  101
duc          |  128 129 130 131 132
dumar        |  *MISSING FILE*
emiter1a     |  150 151 200 201 202 203 204 205
enemy        |  106 107
falcon1      |  205 206 207 208 209 210 211 212
fevdisk      |  103 104
fgtcarvn     |  300
fke_dude     |  *MISSING FILE*
flash        |  129
flsupmut     |  119
garl         |  209 1100
garret       |  210
gastrap      |  104
genchat      |  190 191 192 193 194 195 196 197 198 199 204 205 206 207 208 209 210 211 212 214 215 216 217 218 219 220 221 222 223 224 225 294 300 301 302 400 401 402 403 404 405 406 407 408 409 410 411 412 413 414 415 416 417 418 419 420 421 422 423 424 425 426 427 428 429 430 431 432 433 434 500 501 502 503 504 505 601 602 603 604 605 606 607 700 701 702 800 900 901 902
generic      |  204 205 206 207 208 209 300 301 302 303 350 351 352 353 354 355 375 376 450 900 905 910 911 912 913 930 950 951 952 953 954 955 956 957 958 959 960 961 962 963 964 965 966 967 968 969 970 971 1003 1004 1012 1013 1050 2000 2001 2002 2003 2004 2005 2006 2007 2008 2009 2010 2011 2012 2013 2014 2015 2016 2017 2018 2019 2021 2022 2023 2024 2025 2026 2027 2028 2029 2030 2031 2032 2033 2034 2035 2036 2037 2038 2039 2040 2041 2042 2043 2044 2045 2046 2047 2048 2049 2050 2051 2052 2053 2054 2055 2056 2057 2058 2059 2060 2061 2062 2063 2064 2065 2066 2067 2068 2069 2070 2071 2072 2073 2074 2075 2076 2077 2078 2079 2080 2081 2082 2083 2084 2085 2086 2087 2088 2089 2090 2091 2092 2093 2094 2095 2096 2097 2098 2099 2100 3000 3025 3050 3051 3052 3053 3054 3055 3056 3057 3058 3059 3060 3061 3062 3063 3064 3075 3100 3101 3300 3325 3326 3327 3328 3329 3350 3375 3400 3401 3402 3403 3404 3405 3406 3407 3408 3409 3410 3411 3412 3413 3414 3415 3416 3417 3418 3419 3420 3421 3422 3423 3424 3425 3426 3427 3428 3429 3430 3431 3432 3433 3434 3435 3436 3437 3438 3439 3499 3500 3501 3502 3503 3504 3505 3506 3507 3508 3509 3510 3511 3512 3513 3514 3515 3516 3517 3518 3519 3520 3521 3600 3625 3626 3627 3628 3650 3675 3700 3701 3702 3703 3704 3705 3706 3707 3708 3709 3710 3711 3712 3713 3714 3715 3716 3717 3718 3719 3720 3721 3722 3723 3724 3725 3726 3727 3728 3729 3730 3731 3732 3733 3734 3735 3736 3737 3738 3739 3740 3741 3742 3743 3744 3745 3746 3747 3748 3749 3750 3751 3752 3753 3754 3755 3761 3764 3769 3774 3778 3779 3782 3784 3798 3799 3800 3801 3802 3803 3804 3805 3806 3807 3808 3809 3810 3900 3925 3926 3927 3928 3929 3950 3975 4000 4001 4002 4003 4004 4005 4006 4007 4008 4010 4011 4012 4100 4101 4102 4103 4104 4105 4106 4107 4108 4109 4200 4225 4250 4275 4300 4301 4500 4525 4550 4575 4600 4800 4825 4850 4875 4900 5100 5125 5150 5175 5201 5202 5203 5400 9000 9001 9002 9003 9004 9005 9006 9007 9008 9009 9010 9011 9012 9013 9014 9015 9016 9017 9018 9019 10000 10001 10002 10003 10004 10005 10006 10007 10008 10009 10010 10011 10012 10013 10100 21020
genghoul     |  204 205 301 302 303 304 305 306 1004 1005 1006 1007
genraid2     |  200 201 202 203 204 205
genraidr     |  200 201 202 203 204 205
ghdorgrd     |  118 119 120
gizmo        |  227 228 1008 1108
glowgen      |  107
glowone      |  105
gwen         |  200
harry        |  1027 1127
hgencvan     |  501 502 503 504
hhooker2     |  *MISSING FILE*
hhookera     |  102 105 118 119 168 200 201 202 203 204 205 206 207 208 209 210 211 212 213 214 215 216 217 218 219 220 221 222 223 224 225 226 227 228 229 230 231 232 233 234 235 236 237 238 239 240 241 242 243 244 245 246 247 248 249 250 251 252 253 254 255 256 257 258 259 260 261 262 263 264 265 300 301 302 400 401 402 403 404 405
hotghoul     |  *MISSING FILE*
hubflrcd     |  120 127 133 134 156
hunter       |  111 112 113 114 115 116 117 118 119 120 121 122 123 124 125 126 200
invader      |  103 104 105 106 107
inventry     |  30
irwin        |  122 123 400 401 402 403
izo          |  104 105 106
jerem2       |  *MISSING FILE*
junkdemo     |  *MISSING FILE*
justin       |  180 181 182 183 184 185 186 187 188 189 190 191 192
katja        |  2200 2201
keri         |  300 301 302 303 304 305
laura        |  477 478 479 480
lazrtrap     |  104
leader       |  300
lenny        |  *MISSING FILE*
lex          |  *MISSING FILE*
libcomp      |  106 107 108 109
locker       |  104 105 106 107 108 109 110 111 112
lorri        |  *MISSING FILE*
macrae       |  200
manager      |  200 201
map          |  66 165 166 398 399 400
marcelle     |  185
massacre     |  *MISSING FILE*
maxdisk      |  *MISSING FILE*
maxson       |  278 1034 1035 1036 1037 1038 1134 1135 1136 1137 1138
medic        |  161 162 163 164 165 166 167 168 169 170 171 172
michael      |  300
morbid       |  237
morph        |  1115 1116 1117 1118
mrhandyc     |  118 119 120 121 122 123 124 125 126 127 128 129 130 131 132 133 134 135 136 137 138 139 140 141 142 143 144 145 146 147 148 149 150 151
mutdisk      |  103 104 105
obj_dude     |  973 974 975 976 977 978 979 983 984 985 986 987 988 989 990 991 992 993 994 995 996 997 998 999 2806 2807 2808 2809 2810 2811 2812 2813 2814 2815 2816 2817 2818 2819 2820 2821 2822 2823 2824 2825 2826 2827 2828 2829 2830 2831 2832 2833 2834 2835 2836 2837 2838 2839 2840 2841 2842 2843 2844 2845 2846 2847 2848 2849 2850 2851 2852 2853 2854 2855 2856 2857 2858 2859 2860 2861 2862 2863 2864 2865 2866 2867 2868 2869 2870 2871 2872 2873 2874 2875 2876 2877 2878 2879 2880 2881 2882 2883 2884 2885 2886 2887 2888 2889 2890 2891 2892 2893 2894 2895 2896 2897 2898 2899 3406 3407 3408 3409 3410 3411 3412 3413 3414 3415 3416 3417 3418 3419 3420 3421 3422 3423 3424 3425 3426 3427 3428 3429 3430 3431 3432 3433 3434 3435 3436 3437 3438 3439 3440 3441 3442 3443 3444 3445 3446 3447 3448 3449 3450 3451 3452 3453 3454 3455 3456 3457 3458 3459 3460 3461 3462 3463 3464 3465 3466 3467 3468 3469 3470 3471 3472 3473 3474 3475 3476 3477 3478 3479 3480 3481 3482 3483 3484 3485 3486 3487 3488 3489 3490 3491 3492 3493 3494 3495 3496 3497 3498 3499 4006 4007 4008 4009 4010 4011 4012 4013 4014 4015 4016 4017 4018 4019 4020 4021 4022 4023 4024 4025 4026 4027 4028 4029 4030 4031 4032 4033 4034 4035 4036 4037 4038 4039 4040 4041 4042 4043 4044 4045 4046 4047 4048 4049 4050 4051 4052 4053 4054 4055 4056 4057 4058 4059 4060 4061 4062 4063 4064 4065 4066 4067 4068 4069 4070 4071 4072 4073 4074 4075 4076 4077 4078 4079 4080 4081 4082 4083 4084 4085 4086 4087 4088 4089 4090 4091 4092 4093 4094 4095 4096 4097 4098 4099 4610 4611 4612 4613 4614 4615 4616 4617 4618 4619 4620 4621 4622 4623 4624 4625 4626 4627 4628 4629 4630 4631 4632 4633 4634 4635 4636 4637 4638 4639 4640 4641 4642 4643 4644 4645 4646 4647 4648 4649 4650 4651 4652 4653 4654 4655 4656 4657 4658 4659 4660 4661 4662 4663 4664 4665 4666 4667 4668 4669 4670 4671 4672 4673 4674 4675 4676 4677 4678 4679 4680 4681 4682 4683 4684 4685 4686 4687 4688 4689 4690 4691 4692 4693 4694 4695 4696 4697 4698 4699 4707 4708 4709 7009 7010 7011 7012 7013 7014 7015 7016 7017 7018 7019 7020 7021 7022 7023 7024 7025 7026 7027 7028 7029 7030 7031 7032 7033 7034 7035 7036 7037 7038 7039 7040 7041 7042 7043 7044 7045 7046 7047 7048 7049 7050 7051 7052 7053 7054 7055 7056 7057 7058 7059 7060 7061 7062 7063 7064 7065 7066 7067 7068 7069 7070 7071 7072 7073 7074 7075 7076 7077 7078 7079 7080 7081 7082 7083 7084 7085 7086 7087 7088 7089 7090 7091 7092 7093 7094 7095 7096 7097 7098 7099 7609 7610 7611 7612 7613 7614 7615 7616 7617 7618 7619 7620 7621 7622 7623 7624 7625 7626 7627 7628 7629 7630 7631 7632 7633 7634 7635 7636 7637 7638 7639 7640 7641 7642 7643 7644 7645 7646 7647 7648 7649 7650 7651 7652 7653 7654 7655 7656 7657 7658 7659 7660 7661 7662 7663 7664 7665 7666 7667 7668 7669 7670 7671 7672 7673 7674 7675 7676 7677 7678 7679 7680 7681 7682 7683 7684 7685 7686 7687 7688 7689 7690 7691 7692 7693 7694 7695 7696 7697 7698 7699 8209 8210 8211 8212 8213 8214 8215 8216 8217 8218 8219 8220 8221 8222 8223 8224 8225 8226 8227 8228 8229 8230 8231 8232 8233 8234 8235 8236 8237 8238 8239 8240 8241 8242 8243 8244 8245 8246 8247 8248 8249 8250 8251 8252 8253 8254 8255 8256 8257 8258 8259 8260 8261 8262 8263 8264 8265 8266 8267 8268 8269 8270 8271 8272 8273 8274 8275 8276 8277 8278 8279 8280 8281 8282 8283 8284 8285 8286 8287 8288 8289 8290 8291 8292 8293 8294 8295 8296 8297 8298 8299 8814 8815 8816 8817 8818 8819 8820 8821 8822 8823 8824 8825 8826 8827 8828 8829 8830 8831 8832 8833 8834 8835 8836 8837 8838 8839 8840 8841 8842 8843 8844 8845 8846 8847 8848 8849 8850 8851 8852 8853 8854 8855 8856 8857 8858 8859 8860 8861 8862 8863 8864 8865 8866 8867 8868 8869 8870 8871 8872 8873 8874 8875 8876 8877 8878 8879 8880 8881 8882 8883 8884 8885 8886 8887 8888 8889 8890 8891 8892 8893 8894 8895 8896 8897 8898 8899 9414 9415 9416 9417 9418 9419 9420 9421 9422 9423 9424 9425 9426 9427 9428 9429 9430 9431 9432 9433 9434 9435 9436 9437 9438 9439 9440 9441 9442 9443 9444 9445 9446 9447 9448 9449 9450 9451 9452 9453 9454 9455 9456 9457 9458 9459 9460 9461 9462 9463 9464 9465 9466 9467 9468 9469 9470 9471 9472 9473 9474 9475 9476 9477 9478 9479 9480 9481 9482 9483 9484 9485 9486 9487 9488 9489 9490 9491 9492 9493 9494 9495 9496 9497 9498 9499 10014 10015 10016 10017 10018 10019 10020 10021 10022 10023 10024 10025 10026 10027 10028 10029 10030 10031 10032 10033 10034 10035 10036 10037 10038 10039 10040 10041 10042 10043 10044 10045 10046 10047 10048 10049 10050 10051 10052 10053 10054 10055 10056 10057 10058 10059 10060 10061 10062 10063 10064 10065 10066 10067 10068 10069 10070 10071 10072 10073 10074 10075 10076 10077 10078 10079 10080 10081 10082 10083 10084 10085 10086 10087 10088 10089 10090 10091 10092 10093 10094 10095 10096 10097 10098 10099 10100 11210 11211 11212 11213 11214 11215 11216 11217 11218 11219 11220 11221 11222 11223 11224 11225 11226 11227 11228 11229 11230 11231 11232 11233 11234 11235 11236 11237 11238 11239 11240 11241 11242 11243 11244 11245 11246 11247 11248 11249 11250 11251 11252 11253 11254 11255 11256 11257 11258 11259 11260 11261 11262 11263 11264 11265 11266 11267 11268 11269 11270 11271 11272 11273 11274 11275 11276 11277 11278 11279 11280 11281 11282 11283 11284 11285 11286 11287 11288 11289 11290 11291 11292 11293 11294 11295 11296 11297 11298 11299 11810 11811 11812 11813 11814 11815 11816 11817 11818 11819 11820 11821 11822 11823 11824 11825 11826 11827 11828 11829 11830 11831 11832 11833 11834 11835 11836 11837 11838 11839 11840 11841 11842 11843 11844 11845 11846 11847 11848 11849 11850 11851 11852 11853 11854 11855 11856 11857 11858 11859 11860 11861 11862 11863 11864 11865 11866 11867 11868 11869 11870 11871 11872 11873 11874 11875 11876 11877 11878 11879 11880 11881 11882 11883 11884 11885 11886 11887 11888 11889 11890 11891 11892 11893 11894 11895 11896 11897 11898 11899 15414 15415 15416 15417 15418 15419 15420 15421 15422 15423 15424 15425 15426 15427 15428 15429 15430 15431 15432 15433 15434 15435 15436 15437 15438 15439 15440 15441 15442 15443 15444 15445 15446 15447 15448 15449 15450 15451 15452 15453 15454 15455 15456 15457 15458 15459 15460 15461 15462 15463 15464 15465 15466 15467 15468 15469 15470 15471 15472 15473 15474 15475 15476 15477 15478 15479 15480 15481 15482 15483 15484 15485 15486 15487 15488 15489 15490 15491 15492 15493 15494 15495 15496 15497 15498 15499 15514 15515 15516 16010 16011 16012 16013 16014 16015 16016 16017 16018 16019 16020 16021 16022 16023 16024 16025 16026 16027 16028 16029 16030 16031 16032 16033 16034 16035 16036 16037 16038 16039 16040 16041 16042 16043 16044 16045 16046 16047 16048 16049 16050 16051 16052 16053 16054 16055 16056 16057 16058 16059 16060 16061 16062 16063 16064 16065 16066 16067 16068 16069 16070 16071 16072 16073 16074 16075 16076 16077 16078 16079 16080 16081 16082 16083 16084 16085 16086 16087 16088 16089 16090 16091 16092 16093 16094 16095 16096 16097 16098 16099 16610 16611 16612 16613 16614 16615 16616 16617 16618 16619 16620 16621 16622 16623 16624 16625 16626 16627 16628 16629 16630 16631 16632 16633 16634 16635 16636 16637 16638 16639 16640 16641 16642 16643 16644 16645 16646 16647 16648 16649 16650 16651 16652 16653 16654 16655 16656 16657 16658 16659 16660 16661 16662 16663 16664 16665 16666 16667 16668 16669 16670 16671 16672 16673 16674 16675 16676 16677 16678 16679 16680 16681 16682 16683 16684 16685 16686 16687 16688 16689 16690 16691 16692 16693 16694 16695 16696 16697 16698 16699 17816 17817 17818 17819 17820 17821 17822 17823 17824 17825 17826 17827 17828 17829 17830 17831 17832 17833 17834 17835 17836 17837 17838 17839 17840 17841 17842 17843 17844 17845 17846 17847 17848 17849 17850 17851 17852 17853 17854 17855 17856 17857 17858 17859 17860 17861 17862 17863 17864 17865 17866 17867 17868 17869 17870 17871 17872 17873 17874 17875 17876 17877 17878 17879 17880 17881 17882 17883 17884 17885 17886 17887 17888 17889 17890 17891 17892 17893 17894 17895 17896 17897 17898 17899 17916 17917 18016 18017 18018 18019 18020 18021 18022 18023 18024 18025 18026 18027 18028 18029 18030 18031 18032 18033 18034 18035 18036 18037 18038 18039 18040 18041 18042 18043 18044 18045 18046 18047 18048 18049 18050 18051 18052 18053 18054 18055 18056 18057 18058 18059 18060 18061 18062 18063 18064 18065 18066 18067 18068 18069 18070 18071 18072 18073 18074 18075 18076 18077 18078 18079 18080 18081 18082 18083 18084 18085 18086 18087 18088 18089 18090 18091 18092 18093 18094 18095 18096 18097 18098 18099 18116 18117 18216 18217 18218 18219 18220 18221 18222 18223 18224 18225 18226 18227 18228 18229 18230 18231 18232 18233 18234 18235 18236 18237 18238 18239 18240 18241 18242 18243 18244 18245 18246 18247 18248 18249 18250 18251 18252 18253 18254 18255 18256 18257 18258 18259 18260 18261 18262 18263 18264 18265 18266 18267 18268 18269 18270 18271 18272 18273 18274 18275 18276 18277 18278 18279 18280 18281 18282 18283 18284 18285 18286 18287 18288 18289 18290 18291 18292 18293 18294 18295 18296 18297 18298 18299 18316 18317 18411 18412 18413 18414 18415 18416 18417 18418 18419 18420 18421 18422 18423 18424 18425 18426 18427 18428 18429 18430 18431 18432 18433 18434 18435 18436 18437 18438 18439 18440 18441 18442 18443 18444 18445 18446 18447 18448 18449 18450 18451 18452 18453 18454 18455 18456 18457 18458 18459 18460 18461 18462 18463 18464 18465 18466 18467 18468 18469 18470 18471 18472 18473 18474 18475 18476 18477 18478 18479 18480 18481 18482 18483 18484 18485 18486 18487 18488 18489 18490 18491 18492 18493 18494 18495 18496 18497 18498 18499 18611 18612 18613 18614 18615 18616 18617 18618 18619 18620 18621 18622 18623 18624 18625 18626 18627 18628 18629 18630 18631 18632 18633 18634 18635 18636 18637 18638 18639 18640 18641 18642 18643 18644 18645 18646 18647 18648 18649 18650 18651 18652 18653 18654 18655 18656 18657 18658 18659 18660 18661 18662 18663 18664 18665 18666 18667 18668 18669 18670 18671 18672 18673 18674 18675 18676 18677 18678 18679 18680 18681 18682 18683 18684 18685 18686 18687 18688 18689 18690 18691 18692 18693 18694 18695 18696 18697 18698 18699 18811 18812 18813 18814 18815 18816 18817 18818 18819 18820 18821 18822 18823 18824 18825 18826 18827 18828 18829 18830 18831 18832 18833 18834 18835 18836 18837 18838 18839 18840 18841 18842 18843 18844 18845 18846 18847 18848 18849 18850 18851 18852 18853 18854 18855 18856 18857 18858 18859 18860 18861 18862 18863 18864 18865 18866 18867 18868 18869 18870 18871 18872 18873 18874 18875 18876 18877 18878 18879 18880 18881 18882 18883 18884 18885 18886 18887 18888 18889 18890 18891 18892 18893 18894 18895 18896 18897 18898 18899 19009 19010 19011 19012 19013 19014 19015 19016 19017 19018 19019 19020 19021 19022 19023 19024 19025 19026 19027 19028 19029 19030 19031 19032 19033 19034 19035 19036 19037 19038 19039 19040 19041 19042 19043 19044 19045 19046 19047 19048 19049 19050 19051 19052 19053 19054 19055 19056 19057 19058 19059 19060 19061 19062 19063 19064 19065 19066 19067 19068 19069 19070 19071 19072 19073 19074 19075 19076 19077 19078 19079 19080 19081 19082 19083 19084 19085 19086 19087 19088 19089 19090 19091 19092 19093 19094 19095 19096 19097 19098 19099 19609 19610 19611 19612 19613 19614 19615 19616 19617 19618 19619 19620 19621 19622 19623 19624 19625 19626 19627 19628 19629 19630 19631 19632 19633 19634 19635 19636 19637 19638 19639 19640 19641 19642 19643 19644 19645 19646 19647 19648 19649 19650 19651 19652 19653 19654 19655 19656 19657 19658 19659 19660 19661 19662 19663 19664 19665 19666 19667 19668 19669 19670 19671 19672 19673 19674 19675 19676 19677 19678 19679 19680 19681 19682 19683 19684 19685 19686 19687 19688 19689 19690 19691 19692 19693 19694 19695 19696 19697 19698 19699 20209 20210 20211 20212 20213 20214 20215 20216 20217 20218 20219 20220 20221 20222 20223 20224 20225 20226 20227 20228 20229 20230 20231 20232 20233 20234 20235 20236 20237 20238 20239 20240 20241 20242 20243 20244 20245 20246 20247 20248 20249 20250 20251 20252 20253 20254 20255 20256 20257 20258 20259 20260 20261 20262 20263 20264 20265 20266 20267 20268 20269 20270 20271 20272 20273 20274 20275 20276 20277 20278 20279 20280 20281 20282 20283 20284 20285 20286 20287 20288 20289 20290 20291 20292 20293 20294 20295 20296 20297 20298 20299 20809 20810 20811 20812 20813 20814 20815 20816 20817 20818 20819 20820 20821 20822 20823 20824 20825 20826 20827 20828 20829 20830 20831 20832 20833 20834 20835 20836 20837 20838 20839 20840 20841 20842 20843 20844 20845 20846 20847 20848 20849 20850 20851 20852 20853 20854 20855 20856 20857 20858 20859 20860 20861 20862 20863 20864 20865 20866 20867 20868 20869 20870 20871 20872 20873 20874 20875 20876 20877 20878 20879 20880 20881 20882 20883 20884 20885 20886 20887 20888 20889 20890 20891 20892 20893 20894 20895 20896 20897 20898 20899 21409 21410 21411 21412 21413 21414 21415 21416 21417 21418 21419 21420 21421 21422 21423 21424 21425 21426 21427 21428 21429 21430 21431 21432 21433 21434 21435 21436 21437 21438 21439 21440 21441 21442 21443 21444 21445 21446 21447 21448 21449 21450 21451 21452 21453 21454 21455 21456 21457 21458 21459 21460 21461 21462 21463 21464 21465 21466 21467 21468 21469 21470 21471 21472 21473 21474 21475 21476 21477 21478 21479 21480 21481 21482 21483 21484 21485 21486 21487 21488 21489 21490 21491 21492 21493 21494 21495 21496 21497 21498 21499 22617 22618 22619 22620 22621 22622 22623 22624 22625 22626 22627 22628 22629 22630 22631 22632 22633 22634 22635 22636 22637 22638 22639 22640 22641 22642 22643 22644 22645 22646 22647 22648 22649 22650 22651 22652 22653 22654 22655 22656 22657 22658 22659 22660 22661 22662 22663 22664 22665 22666 22667 22668 22669 22670 22671 22672 22673 22674 22675 22676 22677 22678 22679 22680 22681 22682 22683 22684 22685 22686 22687 22688 22689 22690 22691 22692 22693 22694 22695 22696 22697 22698 22699 23817 23818 23819 23820 23821 23822 23823 23824 23825 23826 23827 23828 23829 23830 23831 23832 23833 23834 23835 23836 23837 23838 23839 23840 23841 23842 23843 23844 23845 23846 23847 23848 23849 23850 23851 23852 23853 23854 23855 23856 23857 23858 23859 23860 23861 23862 23863 23864 23865 23866 23867 23868 23869 23870 23871 23872 23873 23874 23875 23876 23877 23878 23879 23880 23881 23882 23883 23884 23885 23886 23887 23888 23889 23890 23891 23892 23893 23894 23895 23896 23897 23898 23899 24417 24418 24419 24420 24421 24422 24423 24424 24425 24426 24427 24428 24429 24430 24431 24432 24433 24434 24435 24436 24437 24438 24439 24440 24441 24442 24443 24444 24445 24446 24447 24448 24449 24450 24451 24452 24453 24454 24455 24456 24457 24458 24459 24460 24461 24462 24463 24464 24465 24466 24467 24468 24469 24470 24471 24472 24473 24474 24475 24476 24477 24478 24479 24480 24481 24482 24483 24484 24485 24486 24487 24488 24489 24490 24491 24492 24493 24494 24495 24496 24497 24498 24499 25017 25018 25019 25020 25021 25022 25023 25024 25025 25026 25027 25028 25029 25030 25031 25032 25033 25034 25035 25036 25037 25038 25039 25040 25041 25042 25043 25044 25045 25046 25047 25048 25049 25050 25051 25052 25053 25054 25055 25056 25057 25058 25059 25060 25061 25062 25063 25064 25065 25066 25067 25068 25069 25070 25071 25072 25073 25074 25075 25076 25077 25078 25079 25080 25081 25082 25083 25084 25085 25086 25087 25088 25089 25090 25091 25092 25093 25094 25095 25096 25097 25098 25099 25617 25618 25619 25620 25621 25622 25623 25624 25625 25626 25627 25628 25629 25630 25631 25632 25633 25634 25635 25636 25637 25638 25639 25640 25641 25642 25643 25644 25645 25646 25647 25648 25649 25650 25651 25652 25653 25654 25655 25656 25657 25658 25659 25660 25661 25662 25663 25664 25665 25666 25667 25668 25669 25670 25671 25672 25673 25674 25675 25676 25677 25678 25679 25680 25681 25682 25683 25684 25685 25686 25687 25688 25689 25690 25691 25692 25693 25694 25695 25696 25697 25698 25699 27413 27414 27415 27416 27417 27418 27419 27420 27421 27422 27423 27424 27425 27426 27427 27428 27429 27430 27431 27432 27433 27434 27435 27436 27437 27438 27439 27440 27441 27442 27443 27444 27445 27446 27447 27448 27449 27450 27451 27452 27453 27454 27455 27456 27457 27458 27459 27460 27461 27462 27463 27464 27465 27466 27467 27468 27469 27470 27471 27472 27473 27474 27475 27476 27477 27478 27479 27480 27481 27482 27483 27484 27485 27486 27487 27488 27489 27490 27491 27492 27493 27494 27495 27496 27497 27498 27499 27613 27614 27615 27616 27617 27618 27619 27620 27621 27622 27623 27624 27625 27626 27627 27628 27629 27630 27631 27632 27633 27634 27635 27636 27637 27638 27639 27640 27641 27642 27643 27644 27645 27646 27647 27648 27649 27650 27651 27652 27653 27654 27655 27656 27657 27658 27659 27660 27661 27662 27663 27664 27665 27666 27667 27668 27669 27670 27671 27672 27673 27674 27675 27676 27677 27678 27679 27680 27681 27682 27683 27684 27685 27686 27687 27688 27689 27690 27691 27692 27693 27694 27695 27696 27697 27698 27699 27813 27814 27815 27816 27817 27818 27819 27820 27821 27822 27823 27824 27825 27826 27827 27828 27829 27830 27831 27832 27833 27834 27835 27836 27837 27838 27839 27840 27841 27842 27843 27844 27845 27846 27847 27848 27849 27850 27851 27852 27853 27854 27855 27856 27857 27858 27859 27860 27861 27862 27863 27864 27865 27866 27867 27868 27869 27870 27871 27872 27873 27874 27875 27876 27877 27878 27879 27880 27881 27882 27883 27884 27885 27886 27887 27888 27889 27890 27891 27892 27893 27894 27895 27896 27897 27898 27899 28610 28611 28612 28613 28614 28615 28616 28617 28618 28619 28620 28621 28622 28623 28624 28625 28626 28627 28628 28629 28630 28631 28632 28633 28634 28635 28636 28637 28638 28639 28640 28641 28642 28643 28644 28645 28646 28647 28648 28649 28650 28651 28652 28653 28654 28655 28656 28657 28658 28659 28660 28661 28662 28663 28664 28665 28666 28667 28668 28669 28670 28671 28672 28673 28674 28675 28676 28677 28678 28679 28680 28681 28682 28683 28684 28685 28686 28687 28688 28689 28690 28691 28692 28693 28694 28695 28696 28697 28698 28699 28810 28811 28812 28813 28814 28815 28816 28817 28818 28819 28820 28821 28822 28823 28824 28825 28826 28827 28828 28829 28830 28831 28832 28833 28834 28835 28836 28837 28838 28839 28840 28841 28842 28843 28844 28845 28846 28847 28848 28849 28850 28851 28852 28853 28854 28855 28856 28857 28858 28859 28860 28861 28862 28863 28864 28865 28866 28867 28868 28869 28870 28871 28872 28873 28874 28875 28876 28877 28878 28879 28880 28881 28882 28883 28884 28885 28886 28887 28888 28889 28890 28891 28892 28893 28894 28895 28896 28897 28898 28899 29010 29011 29012 29013 29014 29015 29016 29017 29018 29019 29020 29021 29022 29023 29024 29025 29026 29027 29028 29029 29030 29031 29032 29033 29034 29035 29036 29037 29038 29039 29040 29041 29042 29043 29044 29045 29046 29047 29048 29049 29050 29051 29052 29053 29054 29055 29056 29057 29058 29059 29060 29061 29062 29063 29064 29065 29066 29067 29068 29069 29070 29071 29072 29073 29074 29075 29076 29077 29078 29079 29080 29081 29082 29083 29084 29085 29086 29087 29088 29089 29090 29091 29092 29093 29094 29095 29096 29097 29098 29099
petrox       |  200
pez          |  *MISSING FILE*
phrax        |  *MISSING FILE*
pipboy       |  706 707 708 709 711 712 713 714 715 716 717 718 719 725 726 727 728 729 737 738 739 741 742 743 744 745 746 747 748 749 753 754 755 756 757 758 759 766 767 768 769 773 774 775 776 777 778 779 781 782 783 784 785 786 787 788 789 793 794 795 796 797 798 799 808 809 811 812 813 814 815 816 817 818 819 2002 2003 2004 2005 2006 2007 2008 2009 2010 2011 2012 2013 2014 2015 2016 2017 2018 2019 2020 2021 2022 2023 2024 2025 2026 2027 2028 2029 2030 2031 2032 2033 2034 2035 2036 2037 2038 2039 2040 2041 2042 2043 2044 2045 2046 2047 2048 2049 8027
pro_crit     |  30501 31300 31400 31500 31600 31700 31800 31900 32000 32100 32200 32300 32400 32500 32600 32700 32800 32900 33000 33100 33200 33300 33400 33500 33600 33700 33800 33900 34000 34100 34200 34300 34400 34500 34600 34700 34800 34900 35000 35100 35200 35300 35400 35500 35600 35700 35800 35900 36000 36100 36200 36300 36400 36500 36600 36700 36800 36900 37000 37100 37200 37300 37400 37500 37600 37700 37800 37900 38000 38100 38200 38300 38400 38500 38600 38700 38800 38900 39000 39100 39200 39300 39400 39500 39600
pro_item     |  19701 19801 19901 20001 20101 20201 20301 20401 21601 21701 24300 24301 24400 24401 24500 24501 24600 24601 24700 24701 24800 24801 24900 24901 25000 25001 25100 25101 25200 25201 25300 25301 25400 25401 25500 25501
pro_scen     |  12901 13001 13101 13201 13301 13401 17601 17701 17801 17901 18001 19301 27801 27901 28001 31901 32001 32101 32201 42401 42501 42601 42701 44701 46201 46301 46401 53901 63201 63301 64601 64701 65001 65401 65501 68601 68701
pro_wall     |  97701 97801 97901 98001 98101 98201 98301 98401 98501 98601 98701 115501 115601
proto        |  314 315 316 317 318 510 511 512 670 671 672 673 674 675 676 677 678 913
quarters     |  106
radscorp     |  101
ration       |  134
rayze        |  *MISSING FILE*
razor        |  240 241
rd1alln1     |  132
redfield     |  *MISSING FILE*
regdisk      |  *MISSING FILE*
revulse      |  250 251
rndcity      |  106
rndcoast     |  111
rnddesrt     |  138 139 140 141 142 147 148 149 150 151 152 153 154 155 156 157 158 159 160 161 162 163 164 165 166 167 168 174 175 176 177 178 179 180 181 182 183 184 185 186 187 188 189 190 191 192 193 194 195 201 202 203 204 205 206 207 208 209 210 211 212 213 214 215 216 217 218 219 220 221 222 228 229 230 231 232 233 234 235 236 237 238 239 240 241 242 243 244 245 246 247 248 249 257 258 259 260 261 262 263 264 265 266 267 268 269 270 271 272 273 274 275 276 277 278 289 290 291 292 293 294 295 296 297 298
rndmtn       |  137 138 139 140 141 142 143 144 145 146 147 148
rock         |  *MISSING FILE*
sammael      |  140 141 142 143 144 145 146 147 148 149 150 151 152
scrname      |  1059 1060 1061 1062 1063 1064 1065 1066 1067 1068 1069 1070 1071 1072 1073 1074 1075 1076 1077 1078
scrnset      |  *MISSING FILE*
secdisk      |  103 104 105 106 107 108 109
sentry       |  *MISSING FILE*
shaddesk     |  101
shadywst     |  119 150 151 152 153 154 155
skippy       |  *MISSING FILE*
skizzer      |  *MISSING FILE*
sopdisk      |  *MISSING FILE*
ssradsco     |  101 102 188 189 200
stapbox      |  *MISSING FILE*
stranger     |  *MISSING FILE*
student      |  *MISSING FILE*
tandi        |  350 399 400 401 402 404 405 406 407 410 412 415
test         |  *MISSING FILE*
theresa      |  176 177
thomas       |  400
tolya        |  200
trapflor     |  104 105 106 107 108 109 110 111 112 113 114
tycho        |  174 175 176 177 178 179 180 181
undrbed      |  101 102
v13comp      |  104 105 106 107 108 109 110 111 112 113 114 115 116 117 118 119 120 121 122 123 124
v13door      |  101
valtglo      |  103 104 105
vance        |  153 154 155 156 157 158 159 160 161 162
vconcomp     |  182 183 184 185 186 187 188 189 201 202 203 204 205 206 207 208 300 301 302 303 304 305
vree         |  1018 1019 1020 1021 1118 1119 1120 1121
vreedisk     |  103 104
wmcarvn      |  300
worldmap     |  223 292 293 294 295 296
zax          |  212 213 214 215 216 217 218 219 220 221 222 223 224 225 226 227 228 229 230


Present in ENGLISH_BASE but not in CHINESE

abel         |  1099 1199
adytownr     |  1099 1199
airgrd       |  1099 1199
alan         |  1099 1199
alex         |  1099 1199
allnone      |  1099 1199
alya         |  1099 1199
amber        |  1099 1199
andrew       |  1099 1199
aradesh      |  1099 1199
barfly       |  1099 1199
barracus     |  1099 1199
barry        |  1099 1199
barter       |  1099 1199
beca         |  1099 1199
bguard       |  1099 1199
billy        |  1099 1199
bitsbob      |  1099 1199
bob          |  1099 1199
bobdoug      |  1099 1199
bobsign      |  1099 1199
bonebody     |  1099 1199
bookcase     |  1099 1199
bosdoctr     |  1099 1199
boslorri     |  1099 1199
boxguard     |  1099 1199
brahmin      |  1099 1199
brenden      |  1099 1199
broeld       |  1099 1199
broinvad     |  1099 1199
bullbord     |  1099 1199
butch        |  1099 1199
bychris      |  1099 1199
bygreg       |  1099 1199
bymike       |  1099 1199
cabbot       |  1099 1199
calder       |  1099 1199
caleb        |  1099 1199
cally        |  1099 1199
cararriv     |  1099 1199
carcust      |  1099 1199
cardrvr      |  1099 1199
cargrd       |  1099 1199
cathshop     |  1099 1199
cavewall     |  1099 1199
ccvan        |  1099 1199
chair        |  1099 1199
chanter      |  1099 1199
chdguard     |  1099 1199
chdscout     |  1099 1199
chidgab      |  1099 1199
chidinit     |  1099 1199
chidnite     |  1099 1199
chidscol     |  1099 1199
child        |  1099 1199
childmem     |  1099 1199
choctech     |  1099 1199
chuck        |  1099 1199
cindy        |  1099 1199
citizen      |  1099 1199
cleo         |  1099 1199
command      |  1099 1199
computer     |  1099 1199
cook         |  1099 1199
cougar       |  1099 1199
crvndrvr     |  1099 1199
crvnteam     |  *MISSING FILE*
curtis       |  1099 1199
dan          |  1099 1199
dane         |  1099 1199
danwife      |  1099 1199
darl         |  1099 1199
darrel       |  1099 1199
dcmutant     |  1099 1199
deadbro      |  1099 1199
deadguy      |  1099 1199
dealer       |  1099 1199
decker       |  1099 1199
deckgrd      |  1099 1199
demetre      |  1099 1199
democlue     |  1099 1199
democryp     |  1099 1199
demofool     |  1099 1199
demopeas     |  1099 1199
demophil     |  1099 1199
depfry       |  1099 1199
diana        |  1099 1199
docwu        |  1099 1199
dogmeat      |  1099 1199
dolgan       |  1099 1199
door         |  1099 1199
dragon       |  1099 1199
duc          |  1099 1199
dugan        |  1099 1199
elder        |  1099 1199
falcon1      |  1099 1199
farli        |  1099 1199
femfarmr     |  1099 1199
fgtcarvn     |  1099 1199
fgtgard      |  1099 1199
fgtrtnvn     |  1099 1199
fire         |  1099 1199
fishrman     |  1099 1199
fishrson     |  1099 1199
flash        |  1099 1199
flip         |  1099 1199
francis      |  1099 1199
fry          |  1099 1199
gabriel      |  1099 1199
gambler      |  1099 1199
ganger       |  1099 1199
garl         |  1099 1199
garret       |  1099 1199
gary         |  1099 1199
gatedemo     |  1099 1199
genchant     |  1099 1199
gencop       |  1099 1199
generic      |  1099 1199
gengambl     |  1099 1199
genghoul     |  1099 1199
genknigh     |  1099 1199
genmutan     |  1099 1199
genpala      |  105 106 107 108 109 110 111 112 113 114 115 116 1099 1199
genpalad     |  1099 1199
genpalb      |  1099 1199
genraid2     |  1099 1199
genraidb     |  1099 1199
genraidr     |  1099 1199
gensarg      |  1099 1199
genscrib     |  1099 1199
genskag      |  1099 1199
genskulz     |  1099 1199
gensupr      |  1099 1199
genvault     |  1099 1199
ghdorgrd     |  1099 1199
ghgended     |  1099 1199
ghguard      |  1099 1199
ghkick       |  1099 1199
ghoul        |  1099 1199
ghrefuge     |  1099 1199
ghrndgrd     |  1099 1199
ghzero       |  1099 1199
gideon       |  1099 1199
gizguard     |  1099 1199
gizmo        |  1099 1199
glo1weap     |  1099 1199
glo3supl     |  1099 1199
glo3wep      |  1099 1199
glo4supl     |  1099 1199
gretch       |  1099 1199
groundr      |  1099 1199
guard        |  1099 1199
guard2       |  1099 1199
guardemo     |  1099 1199
guido        |  1099 1199
gunrnr       |  1099 1199
gunther      |  1099 1199
gustofer     |  1099 1199
gwen         |  1099 1199
hallgrd      |  1099 1199
harold       |  1099 1199
harry        |  1099 1199
hbeth        |  1099 1199
hbillie      |  1099 1199
hbodgrd2     |  1099 1199
hchdgrd      |  1099 1199
heather      |  1099 1199
hgencvan     |  1099 1199
hgenfarm     |  1099 1199
hgengrd      |  1099 1199
hhooker      |  1099 1199
hicraps      |  1099 1199
higheld      |  1099 1199
hightowr     |  1099 1199
hjustin      |  1099 1199
hotspot      |  1099 1199
houschar     |  1099 1199
htwrgrd      |  1099 1199
htwrgrge     |  1099 1199
htwrleon     |  1099 1199
htwrrick     |  1099 1199
htwrwife     |  1099 1199
hubber       |  1099 1199
hubcaptr     |  1099 1199
hubcarvn     |  1099 1199
hubcop       |  1099 1199
hubflrcd     |  1099 1199
hubjake      |  1099 1199
hubpatnt     |  1099 1199
hubpris      |  1099 1199
hubsmity     |  1099 1199
hunter       |  1099 1199
hwmhost      |  1099 1199
inblade      |  1099 1199
invgrd       |  1099 1199
irwin        |  1099 1199
ismarc       |  1099 1199
jain         |  1099 1199
jake         |  1099 1199
jarvis       |  1099 1199
jasmine      |  1099 1199
jason        |  1099 1199
jchidmem     |  1099 1199
jennifer     |  1099 1199
jer          |  1099 1199
jerem        |  1099 1199
jnkscout     |  1099 1199
jobpost      |  1099 1199
jon          |  1099 1199
jtbob        |  1099 1199
jtgengrd     |  1099 1199
jtpeasnt     |  1099 1199
jtraider     |  1099 1199
julianna     |  1099 1199
junkdog      |  110 111 112 113
junkpeas     |  1099 1199
justin       |  1099 1199
kalnor       |  1099 1199
kane         |  1099 1199
kenny        |  1099 1199
keri         |  1099 1199
killian      |  1099 1199
knighta      |  1099 1199
knightb      |  1099 1199
krupper      |  1099 1199
kyle         |  1099 1199
ladder       |  1099 1199
lance        |  1099 1199
larry        |  1099 1199
lars         |  1099 1199
laryknig     |  1099 1199
lazrtrap     |  1099 1199
leader       |  1099 1199
lemmy        |  1099 1199
lenore       |  1099 1199
leon         |  1099 1199
loneraid     |  1099 1199
lookout      |  1099 1199
lorenzo      |  1099 1199
lorraine     |  1099 1199
lorrian      |  1099 1199
loser        |  1099 1199
lowcraps     |  1099 1199
loxley       |  1099 1199
lt           |  1099 1199
lyle         |  1099 1199
macrae       |  1099 1199
madsci       |  1099 1199
manager      |  1099 1199
marcelle     |  1099 1199
marney       |  1099 1199
master1      |  1099 1199
master2      |  1099 1199
mathia       |  1099 1199
maxson       |  1099 1199
meander      |  1099 1199
medic        |  1099 1199
merch1       |  1099 1199
merchrd1     |  1099 1199
michael      |  1099 1199
michelle     |  1099 1199
mike         |  1099 1199
miles        |  1099 1199
missbro      |  1099 1199
mlmed        |  1099 1199
mlops        |  1099 1199
mlprison     |  1099 1199
moatgrd      |  1099 1199
modreact     |  1099 1199
morbcool     |  1099 1199
morbid       |  1099 1199
morpcomp     |  1099 1199
morph        |  1099 1199
mrhandya     |  1099 1199
mrhandyc     |  1099 1199
neal         |  1099 1199
neil         |  1099 1199
nicole       |  1099 1199
oddwall      |  1099 1199
officer      |  1099 1199
orfeo        |  1099 1199
over         |  1099 1199
patrick      |  1099 1199
paul         |  1099 1199
peasantc     |  1099 1199
peasantd     |  1099 1199
peter        |  1099 1199
petrox       |  1099 1199
phil         |  1099 1199
pleasant     |  1099 1199
powermut     |  1099 1199
praying      |  1099 1199
prisonr      |  1099 1199
psychic      |  1099 1199
quarters     |  1099 1199
radio        |  1099 1199
rae          |  1099 1199
raidgrd      |  1099 1199
raidpris     |  1099 1199
razlo        |  1099 1199
rd1alln1     |  1099 1199
rd1init      |  1099 1199
rd1rmory     |  1099 1199
rd1scrb1     |  1099 1199
rebel        |  1099 1199
regulatr     |  1099 1199
revulse      |  1099 1199
rhombus      |  1099 1199
richie       |  1099 1199
ripppris     |  1099 1199
rndcoast     |  1099 1199
rnddesrt     |  1099 1199 12600 17100 17200
romero       |  1099 1199
rufus        |  1099 1199
rutger       |  1099 1199
sally        |  1099 1199
sammael      |  1099 1199
sammy        |  1099 1199
sarah        |  1099 1199
saul         |  1099 1199
scrname (3)  |  *MISSING FILE*
scsupmut     |  1099 1199
set          |  1099 1199
seth         |  1099 1199
seth2        |  1099 1199
shark        |  1099 1199
sherry       |  1099 1199
sid          |  1099 1199
sinthia      |  1099 1199
slappy       |  1099 1199
slummer      |  1099 1199
smitty       |  1099 1199
smone        |  1099 1199
sophia       |  1099 1199
ssguide      |  1099 1199
staple       |  1099 1199
super        |  1099 1199
talius       |  1099 1199
talus        |  1099 1199
taylor       |  1099 1199
terry        |  1099 1199
tguard       |  1099 1199
theresa      |  1099 1199
thomas       |  1099 1199
thomas2      |  1099 1199
thorndyk     |  1099 1199
tolya        |  1099 1199
trent        |  1099 1199
trish        |  1099 1199
troy         |  1099 1199
uthern       |  1099 1199
valtcupl     |  1099 1199
vance        |  1099 1199
vanhag       |  1099 1199
vasquez      |  1099 1199
victor       |  1099 1199
vinnie       |  1099 1199
viola        |  1099 1199
vree         |  1099 1199
wife         |  1099 1199
wmcarvn      |  1099 1199
wtrgrd       |  1099 1199
wtrthief     |  1099 1199
zack         |  1099 1199
zark         |  1099 1199